0,10,15,20,22,17,19
10,0,35,25,18,24,30
15,35,0,30,28,21,16
20,25,30,0,14,27,23
22,18,28,14,0,26,20
17,24,21,27,26,0,32
19,30,16,23,20,32,0